34766864
2055865174
2055889044
2056015813
2056032192
2056037726
2056069462
2056084332
2056095977
2056131978
2056228896
2056312298
2056336409
2056350254
2056391186
2056426224
2056442008
2056522287
2056582577
2056590605
2056641922
2056652266
2056735784
2056779153
2056785690
2056803381
2056819633
2056858514
2057020814
2057069412
2057077522
2057088929
2057186487
2057187808
2057213744
2057302379
2057366279
2057387253
2057415716
2057430092
2057504288
2057521301
2057558333
2057611020
2057694953
2057697246
2057733201
2057769480
2057804980
2057827658
2057832708
2057888839
2058056384
2058073864
2058170928
2058181877
2058185259
2058211705
2058279064
2058323295
2058330746
2058358181
2058380081
2058395171
2058474022
2058554072
2058626755
2058705000
2058746592
2058794824
2058839500
2058863537
2058908690
2058914226
2058964702
2059005976
2059036529
2059141073
2059211114
2059222509
2059236440
2059245054
2059245495
2059255282
2059287435
2059339106
2059425359
2059452298
2059465054
2059475702
2059486945
2059613036
2059641300
2059810225
2059835629
2059965362
2060018671
2060042552
2060043001
2060060438
2060065983
2060069401
2060199215
2060209871
2060238783
2060261057
2060287596
2060295698
2060304292
2060317089
2060381783
2060464261
2060486035
2060506139
2060544965
2060580577
2060600998
2060606364
2060695854
2060711841
2060755452
2060764050
2060783158
2060802632
2060828728
2060861154
2060920736
2060922253
2060985442
2061017515
2061018166
2061020935
2061174260
2061184292
2061188249
2061214592
2061266000
2061274162
2061296615
2061307662
2061401238
2061440162
2061449431
2061496027
2061512992
2061603811
2061628635
2061643378
2061700924
2061705595
2061796352
2061835228
2061915032
2061922391
2061940903
2061952495
2061967015
2062004424
2062161846
2062182850
2062191482
2062306224
2062327984
2062349717
2062357161
2062431200
2062491087
2062513204
2062534799
2062637702
2062665573
2062668945
2062681618
2062735304
2062741198
2062808202
2062845847
2062947351
2062963084
2063051316
2063063643
2063132101
2063151840
2063180549
2063209014
2063254773
2063308234
2063310851
2063347146
2063379200
2063391427
2063457418
2063506140
2063585565
2063630839
2063697163
2063771828
2063772868
2063800913
2063812008
2063853388
2063932747
2063987052
2064186409
2064233464
2064237312
2064311107
2064324416
2064445548
2064476343
2064514117
2064519588
2064523766
2064560096
2064604012
2064634116
2064637992
2064673417
2064832295
2064856669
2064981549
2064982373
2065019690
2065028294
2065039147
2065045442
2065095006
2065156747
2065176064
2065293589
2065297493
2065351213
2065415193
2065442349
2065448167
2065635688
2065641089
2065758635
2065788000
2065809357
2065907767
2065921134
2065924524
2065970963
2066022005
2066091802
2066095599
2066111303
2066156792
2066157629
2066167352
2066292270
2066321820
2066343624
2066401425
2066439587
2066455565
2066465980
2066503645
2066637055
2066679829
2066682918
2066730093
2066733778
2066737777
2066768553
2066839713
2066947334
2066963536
2066999173
2067037889
2067087384
2067088853
2067164517
2067173256
2067193564
2067249255
2067346956
2067349236
2067408585
2067425166
2067557174
2067656880
2067675059
2067689530
2067724328
2067821193
2067846226
2067868704
2067871113
2067955855
2067968874
2067987076
2067996011
2068056068
2068147400
2068168060
2068181441
2068202032
2068221215
2068263899
2068267582
2068327952
2068377975
2068511403
2068556319
2068760614
2068834564
2068988424
2068989239
2068995428
2069016222
2069030125
2069068153
2069127009
2069155284
2069289956
2069292441
2069300939
2069348739
2069432900
2069495714
2069540892
2069567424
2069581184
2069648885
2069725150
2069897914
2070080209
2070108318
2070162934
2070180331
2070336802
2070437545
2070467487
2070495375
2070501445
2070612219
2070659117
2070675374
2070681605
2070691955
2070814222
2070818714
2070861769
2070876548
2070926816
2071058996
2071061945
2071185918
2071207443
2071222765
2071439632
2071450730
2071688925
2071719000
2071724872
2071751625
2071754352
2071768420
2071896835
2071911982
2071915370
2071936310
2071969973
2072011639
2072024575
2072046525
2072064031
2072120043
2072124133
2072179667
2072223685
2072270969
2072300594
2072395833
2072404357
2072519091
2072604934
2072613105
2072631920
2072662654
2072711944
2072735300
2072863442
2072866624
2073061380
2073072156
2073149438
2073165028
2073207553
2073263239
2073267730
2073332661
2073404668
2073412392
2073423314
2073471304
2073493625
2073528591
2073533905
2073546692
2073690142
2073857384
2073884278
2073888767
2074039521
2074062922
2074070456
2074104017
2074109725
2074158279
2074295676
2074351067
2074418582
2074502093
2074587644
2074637241
2074643785
2074665285
2074749218
2074752330
2074847631
2074870684
2074929428
2074952180
2075024100
2075078995
2075123524
2075144957
2075399803
2075449787
2075450049
2075524427
2075561390
2075694658
2075700580
2075757497
2075795204
2075846065
2075855396
2075875817
2075881071
2075946089
2075952871
2075978149
2076024501
2076053036
2076059053
2076140084
2076158996
2076159790
2076184072
2076184688
2076193531
2076198906
2076242835
2076258263
2076307577
2076536980
2076560560
2076562160
2076564272
2076573677
2076604615
2076674035
2076704877
2076767017
2076781336
2076788472
2076812959
2076946966
2076986475
2077033261
2077227291
2077234014
2077246638
2077294673
2077316908
2077358723
2077360936
2077369606
2077390570
2077432444
2077432870
2077449351
2077455651
2077457318
2077468108
2077472120
2077487758
2077498356
2077554750
2077558264
2077576083
2077583283
2077602162
2077655353
2077677480
2077753108
2077767988
2077815533
2077860726
2077868064
2077869585
2077934429
2078002819
2078062982
2078101358
2078125319
2078134408
2078159814
2078194202
2078337185
2078340947
2078358115
2078427451
2078464237
2078487360
2078520755
2078647203
2078716235
2078724411
2078751295
2078756737
2078797445
2078850441
2078867433
2078924590
2078972961
2079011655
2079039417
2079078365
2079100134
2079130998
2079157213
2079256744
2079324170
2079464195
2079500541
2079545025
2079612598
2079668617
2079748266
2079779428
2079783338
2079874624
2079891723
2079915402
2079927643
2079950695
2079958617
2080040258
2080112562
2080264440
2080276891
2080283435
2080300359
2080303223
2080329019
2080494250
2080540508
2080551576
2080563914
2080597534
2080610090
2080666993
2080668131
2080771876
2080799090
2080872234
2080987627
2080993138
2080997703
2081007759
2081052343
2081063909
2081189370
2081276287
2081299990
2081349978
2081363477
2081380799
2081425363
2081456983
2081475140
2081480214
2081597549
2081597637
2081604066
2081637011
2081662021
2081665434
2081721987
2081735510
2081768959
2081850906
2081938283
2081942824
2081961659
2082093022
2082110312
2082151056
2082174293
2082190923
2082218828
2082246096
2082290770
2082314441
2082325038
2082358190
2082416070
2082459810
2082549809
2082571506
2082602584
2082634278
2082738492
2082791753
2082849413
2082944995
2082980347
2083081234
2083106964
2083145617
2083249598
2083320279
2083410770
2083432785
2083550403
2083556891
2083562394
2083571128
2083581478
2083623221
2083653716
2083771208
2083945820
2083993727
2084004246
2084024883
2084070529
2084147359
2084162767
2084230096
2084259879
2084420836
2084435443
2084475869
2084557330
2084559771
2084599160
2084624068
2084646264
2084653866
2084678198
2084805263
2084862307
2084872137
2084880766
2084938267
2084944038
2084956856
2085152087
2085224244
2085285276
2085331919
2085371221
2085496124
2085522146
2085607330
2085617667
2085631060
2085706321
2085767717
2085828975
2085908779
2085916479
2085983891
2086020906
2086042411
2086066256
2086141202
2086145634
2086264768
2086278648
2086293606
2086398461
2086499519
2086519917
2086545002
2086545730
2086627592
2086649821
2086680999
2086696888
2086720896
2086730003
2086801441
2086835474
2086880855
2086938006
2086980395
2087030039
2087069135
2087093357
2087154194
2087206321
2087216097
2087261888
2087275222
2087291417
2087317227
2087344884
2087616746
2087696408
2087767651
2087804540
2087823432
2087824161
2087960153
2088018442
2088163802
2088219957
2088231802
2088249651
2088255644
2088269397
2088273912
2088361287
2088368973
2088404890
2088497800
2088577901
2088620687
2088651822
2088675829
2088769104
2088789988
2088811332
2088814714
2088824731
2088854382
2088925864
2088929121
2088980733
2088995399
2089002622
2089005566
2089034215
2089047925
2089060911
2089062287
2089076291
2089076844
2089100973
2089244501
2089282367
2089343360
2089362573
2089444360
2089448141
2089606415
2089615136
2089622517
2089641639
2089672052
2089685410
2089713086
2089716957
2089735014
2089737513
2089743028
2089863472
2089869517
2089882761
2089979462
2090007184
2090035056
2090039408
2090083632
2090090086
2090122370
2090124963
2090206876
2090252157
2090260748
2090291894
2090331809
2090333167
2090364067
2090401256
2090419536
2090494924
2090541033
2090604115
2090643644
2090683836
2090724370
2090736657
2090772907
2090933606
2091035068
2091050229
2091053623
2091101721
2091127080
2091163268
2091196719
2091288804
2091294658
2091310535
2091339352
2091341666
2091378146
2091470021
2091570936
2091578660
2091614686
2091625565
2091634806
2091701937
2091758317
2091762827
2091909023
2092049942
2092090218
2092143562
2092207211
2092257723
2092283391
2092350389
2092384256
2092422847
2092432868
2092465149
2092554287
2092595435
2092693191
2092844417
2092847661
2092854479
2092872981
2092916446
2092986687
2092987054
2093003898
2093034730
2093106964
2093137513
2093182991
2093260720
2093264015
2093291168
2093363775
2093366977
2093442807
2093502050
2093534727
2093544445
2093648425
2093698522
2093753546
2093779645
2093862340
2093885478
2094017356
2094029130
2094066286
2094088411
2094114330
2094144207
2094149203
2094160843
2094302273
2094319353
2094333645
2094372257
2094375580
2094435118
2094448144
2094469853
2094494821
2094541747
2094598174
2094600862
2094713620
2094741882
2094814627
2094835641
2094840903
2094917156
2095008066
2095098860
2095124028
2095151286
2095187120
2095285750
2095545980
2095576762
2095603648
2095649636
2095662860
2095794543
2095801391
2095842454
2095895222
2095910767
2095933108
2096037983
2096042106
2096068553
2096122399
2096129995
2096205013
2096222532
2096238990
2096264830
2096283317
2096378953
2096422794
2096499169
2096532097
2096568615
2096890522
2097005660
2097193213
2097205722
2097235044
2097252523
2097272109
2097283166
2097387987
2097442631
2097490789
2097501127
2097545619
2097636540
2097780262
2097816041
2097937430
2097961287
2097982310
2098002971
2098004417
2098102124
2098221980
2098316251
2098346758
2098347781
2098350508
2098359462
2098428570
2098448359
2098449847
2098523453
2098526013
2098568315
2098771169
2098855012
2098883256
2098910810
2098921844
2099009976
2099046304
2099056365
2099108262
2099123172
2099190157
2099259825
2099312980
2099315564
2099317821
2099318750
2099342847
2099366055
2099551872
2099565261
2099584271
2099669358
2099698003
2099737093
2099738477
2099745531
2099751381
2099789469
2099836920
2099856935
2099881176
2099898724
2099959302
2099971885
2099990125
2100025955
2100080698
2100087993
2100101687
2100108218
2100126915
2100127403
2100141116
2100158721
2100236696
2100248648
2100272553
2100287211
2100415203
2100417442
2100417614
2100452074
2100510930
2100516886
2100532734
2100576879
2100632896
2100664988
2100716598
2100716911
2100755070
2100845472
2100883551
2100942895
2100947475
2100998261
2101118564
2101126079
2101156715
2101183739
2101239876
2101259416
2101320841
2101338448
2101354033
2101465574
2101542550
2101549112
2101549209
2101555077
2101568498
2101584785
2101627157
2101675342
2101690622
2101829339
2101869139
2101953085
2101970649
2102088822
2102173755
2102200810
2102321282
2102362793
2102382213
2102403208
2102512439
2102628446
2102641976
2102767264
2102797360
2102825851
2103041050
2103068328
2103102915
2103177070
2103200694
2103263778
2103277695
2103333957
2103342974
2103361853
2103367674
2103374329
2103410490
2103516153
2103520679
2103550235
2103584560
2103594637
2103674092
2103684845
2103752695
2103762557
2103764720
2103792131
2103812243
2103865380
2103866650
2103926473
2103930527
2104017702
2104081084
2104148210
2104174032
2104204022
2104323274
2104354879
2104355996
2104368732
2104379070
2104515154
2104606348
2104682916
2104696486
2104722806
2104845544
2104848349
2104852308
2104857316
2104896584
2105042081
2105186962
2105195204
2105256620
2105280230
2105281062
2105307315
2105361050
2105496174
2105501399
2105517214
2105524940
2105562521
2105606242
2105625277
2105652331
2105693598
2105706797
2105728961
2105734499
2105813619
2105820001
2105874091
2105883626
2105884527
2105886481
2105947842
2106008998
2106071603
2106145058
2106245980
2106262260
2106274720
2106378115
2106471496
2106501384
2106552447
2106947979
2106956312
2107147817
2107197300
2107204638
2107205872
2107261299
2107285692
2107329074
2107344960
2107362765
2107475273
2107483955
2107541100
2107695569
2107705646
2107764383
2107789247
2107881794
2107974722
2108045182
2108068040
2108189194
2108208006
2108209879
2108217558
2108223260
2108242511
2108313964
2108326900
2108365773
2108400009
2108498093
2108556839
2108574573
2108595460
2108747463
2108820982
2108822629
2108830541
2108842549
2108901356
2108948250
2108949462
2108956446
2108962465
2109086598
2109088090
2109128022
2109167902
2109191761
2109199420
2109261808
2109284610
2109294022
2109300943
2109318647
2109394251
2109434387
2109646025
2109656812
2109705768
2109718962
2109738136
2109750397
2109753951
2109770423
2109825947
2109854912
2109930417
2109934196
2110056007
2110075345
2110083268
2110104783
2110105194
2110106995
2110137847
2110183963
2110189841
2110196191
2110291229
2110360641
2110386943
2110424170
2110479540
2110493060
2110522758
2110535475
2110544020
2110575887
2110634667
2110680639
2110688852
2110727153
2110803791
2110815167
2110875004
2110888956
2110896298
2110908407
2110961105
2110970732
2110974118
2111003939
2111057952
2111066692
2111079274
2111081277
2111084805
2111175718
2111221442
2111296952
2111323383
2111434482
2111456742
2111524921
2111560213
2111568544
2111570967
2111586466
2111638508
2111765918
2111792526
2111828949
2111926818
2111981506
2111997198
2111998282
2112015114
2112015721
2112090279
2112117204
2112141631
2112195493
2112370468
2112415701
2112416302
2112430444
2112488366
2112494591
2112507543
2112507569
2112572392
2112573230
2112648237
2112661998
2112676298
2112694986
2112706111
2112737181
2112739988
2112754795
2112841532
2112841575
2112936022
2112938849
2113051007
2113058688
2113072760
2113090153
2113093143
2113109271
2113150916
2113172070
2113178404
2113186758
2113201841
2113257612
2113308516
2113310828
2113344826
2113383861
2113508021
2113564535
2113586101
2113646786
2113696197
2113709897
2113752915
2113839384
2113854803
2113891374
2113912919
2114038824
2114044640
2114104263
2114113093
2114162510
2114173580
2114253218
2114259170
2114303827
2114386476
2114424913
2114552235
2114583331
2114652690
2114697813
2114724505
2114750287
2114782886
2114786076
2114852285
2114864033
2114927483
2114968547
2115020304
2115234274
2115271611
2115421936
2115456180
2115474812
2115476675
2115533942
2115542517
2115542862
2115567093
2115581465
2115597122
2115623824
2115648912
2115819160
2115905452
2115964310
2116003858
2116025175
2116061090
2116071415
2116128306
2116138260
2116160692
2116167511
2116312610
2116505672
2116579679
2116582051
2116614958
2116640284
2116729466
2116738057
2116750837
2116805635
2116901410
2116938222
2116974145
2116978103
2117004159
2117098644
2117161093
2117179180
2117201588
2117267536
2117286675
2117374579
2117455974
2117467004
2117540847
2117699642
2117960411
2118028445
2118118086
2118158900
2118209480
2118271125
2118379350
2118390904
2118423543
2118436043
2118498279
2118523439
2118608134
2118639861
2118685105
2118736353
2118840174
2118868081
2118894663
2118903419
2118912909
2118952825
2118955352
2118980747
2118989413
2119039760
2119043282
2119074436
2119090695
2119096110
2119134860
2119194055
2119243918
2119260141
2119308194
2119364089
2119480739
2119487574
2119500611
2119567611
2119620377
2119630334
2119641377
2119684077
2119746718
2119775048
2119792190
2119888378
2119948998
2119970935
2120000407
2120013229
2120039322
2120110089
2120186879
2120258008
2120274187
2120301111
2120326016
2120351929
2120390970
2120393678
2120488917
2120503294
2120563460
2120571142
2120676356
2120680959
2120691339
2120711367
2120718238
2120760884
2120795547
2120807737
2120911671
2120949527
2120988851
2120994621
2121079201
2121080473
2121089304
2121122276
2121215469
2121251805
2121280420
2121281584
2121346156
2121417338
2121488486
2121554211
2121571991
2121578020
2121578732
2121681655
2121687135
2121729468
2121729798
2121752349
2121754155
2121779311
2121790242
2121838852
2121841350
2121863507
2121908794
2121937615
2122002988
2122051888
2122081831
2122117803
2122121273
2122138394
2122139183
2122146571
2122191268
2122204026
2122239989
2122246328
2122304848
2122339221
2122367473
2122435573
2122444193
2122464390
2122465306
2122479069
2122558537
2122571682
2122597350
2122598237
2122625343
2122630418
2122634729
2122641539
2122665907
2122698538
2122812435
2122814192
2122818224
2122841785
2122896499
2122920443
2122956995
2122962315
2122982230
2123088124
2123105661
2123219446
2123225617
2123268897
2123322618
2123332000
2123372214
2123464152
2123491227
2123546076
2123620409
2123663148
2123766718
2123954064
2124015882
2124024600
2124228761
2124270291
2124322814
2124369530
2124550718
2124566898
2124577882
2124583693
2124621829
2124631704
2124636029
2124666885
2124694048
2124703494
2124713787
2124761018
2124794803
2124837074
2124988683
2124997908
2125004812
2125070307
2125072053
2125109693
2125123034
2125140817
2125161084
2125182035
2125195982
2125288955
2125296278
2125308831
2125429122
2125446069
2125503838
2125512190
2125518660
2125565475
2125570214
2125574924
2125618642
2125683051
2125719667
2125723539
2125726338
2125729712
2125761971
2125772689
2125788278
2125792318
2125890399
2126173378
2126238577
2126247218
2126367422
2126479057
2126585509
2126585803
2126689810
2126727163
2126740160
2126877325
2126899091
2126949201
2126979818
2127016023
2127028708
2127061394
2127088072
2127140838
2127226560
2127297548
2127309368
2127314804
2127369976
2127417347
2127425418
2127440703
2127477340
2127551133
2127557535
2127641750
2127692783
2127711630
2127723083
2127742912
2127747164
2127790854
2127811311
2127852170
2127906540
2127960310
2128087042
2128088907
2128210443
2128236792
2128293768
2128301976
2128311451
2128317052
2128391315
2128409699
2128433087
2128468832
2128498685
2128508171
2128514842
2128579374
2128626515
2128653139
2128666256
2128696356
2128713885
2128741819
2128763153
2128781342
2129047553
2129058088
2129071000
2129086009
2129094835
2129189151
2129208077
2129208802
2129212318
2129275608
2129287955
2129469733
2129511735
2129598146
2129697998
2129717987
2129770580
2129785783
2129847176
2129882334
2129889491
2129947695
2129972152
2130032913
2130099438
2130103765
2130106796
2130148222
2130234110
2130246370
2130248769
2130268487
2130294433
2130395489
2130427267
2130499903
2130558124
2130666523
2130709447
2130779132
2130786818
2130824059
2130957257
2131023832
2131052308
2131215409
2131216136
2131228738
2131292095
2131389356
2131536923
2131538712
2131599125
2131650962
2131704350
2131707019
2131722366
2131760109
2131786473
2131823089
2131825476
2131879666
2131895593
2131925649
2131945676
2131990846
2132029189
2132062026
2132091635
2132166105
2132169667
2132194037
2132256061
2132322203
2132354910
2132441824
2132460266
2132467203
2132614762
2132658582
2132677530
2132736776
2132799177
2132957383
2132969415
2132985065
2133027908
2133043627
2133048364
2133130699
2133200286
2133207577
2133292232
2133316265
2133343677
2133445463
2133460706
2133582832
2133677618
2133685782
2133693656
2133717252
2133730615
2133740151
2133758647
2133760941
2133780121
2133792921
2133877053
2133962256
2133985893
2134086630
2134112291
2134153049
2134162505
2134324521
2134484448
2134509380
2134514711
2134648824
2134650009
2134702678
2134719877
2134958049
2134963956
2134967665
2134981698
2134989302
2134995933
2135022765
2135037180
2135077149
2135110527
2135132277
2135244775
2135276236
2135326658
2135382644
2135435243
2135458429
2135584579
2135590445
2135734906
2135773159
2135816458
2135818263
2135836394
2135919584
2135955042
2136033915
2136069257
2136095227
2136113163
2136125238
2136172942
2136183581
2136205687
2136249225
2136258132
2136271299
2136386820
2136521101
2136544374
2136674351
2136701612
2136709349
2136792978
2136846813
2136853809
2137007101
2137054375
2137181302
2137228416
2137230997
2137337565
2137356587
2137447520
2137467239
2137547765
2137570938
2137637450
2137638733
2137786015
2137793334
2137810042
2137876482
2137878094
2137893765
2137970529
2137971043
2138071376
2138166535
2138221117
2138227698
2138251276
2138258771
2138421238
2138439460
2138494287
2138510807
2138513349
2138604140
2138606449
2138719956
2138747625
2138754857
2138757575
2138828006
2139077408
2139084914
2139100737
2139114359
2139134578
2139136449
2139146420
2139238852
2139242182
2139246241
2139349703
2139369153
2139443983
2139494571
2139525161
2139553483
2139563209
2139602070
2139602626
2139693157
2139695792
2139704216
2139713218
2139776350
2139824051
2139854172
2139860450
2139865277
2139938261
2139961600
2140008855
2140021488
2140025302
2140041993
2140083127
2140113023
2140188039
2140249822
2140318521
2140357123
2140453407
2140592242
2140621027
2140673996
2140741296
2140783165
2140830313
2140837644
2140859794
2140882396
2140970392
2140995161
2141029477
2141032817
2141095735
2141222549
2141230904
2141284013
2141299362
2141384270
2141432262
2141444303
2141477158
2141491368
2141586428
2141588491
2141672030
2141685798
2141744082
2141814624
2141878648
2141918563
2141929512
2141939972
2142045197
2142046307
2142058943
2142091831
2142117346
2142136423
2142138021
2142387127
2142695780
2142727867
2142835834
2142845886
2142856565
2142978556
2142997943
2143023722
2143025170
2143032793
2143048822
2143134985
2143215884
2143221334
2143284076
2143325108
2143369571
2143421960
2143447925
2143473111
2143560291
2143617907
2143637698
2143681234
2143701752
2143748875
2143752411
2143767819
2143865183
2143902248
2143912652
2144055259
2144094456
2144135029
2144251847
2144288963
2144304498
2144305481
2144311072
2144377561
2144388094
2144409127
2144438258
2144457988
2144468191
2144578252
2144608541
2144684876
2144747786
2144771027
2144805642
2144925757
2145050949
2145053073
2145141416
2145272364
2145284239
2145400109
2145455481
2145461159
2145476731
2145484903
2145494046
2145546023
2145599583
2145688144
2145767796
2145770786
2145807566
2145820329
2145848483
2145873373
2145950596
2145990945
2146024235
2146041670
2146068216
2146183604
2146296888
2146399462
2146405943
2146413698
2146443496
2146464633
2146476440
2146512635
2146516463
2146566282
2146626075
2146756352
2146764482
2146786616
2146839516
2146863166
2146869285
2146870857
2146872365
2146886254
2146938530
2146946865
2146958877
2147021316
2147022224
2147050088
2147067746
2147075322
2147213471
2147234876
2147320124
2147320828
2147343201
